7.844663962534938
6.647817481888637
8.031517051446064
4.301029995663981
7.1249387366083
7.744727494896692
6.107905397309519
7.954677021213343
10.795880017344077
7.698970004336019
6.013228265733755
6.978810700930063
5.096910013008057
5.017728766960432
6.301029995663981
7.0
6.705533773838407
7.251811972993798
5.481486060122113
11.318758762624412
6.259637310505756
5.3979400086720375
3.0268721464003017
8.0
7.397940008672037
4.6777807052660805
6.00436480540245
4.085656842880558
2.0604807473813813
8.619788758288394
7.481486060122112
3.494850021680094
11.82390874094432
5.327902142064284
5.477555766493679
8.795880017344075
6.9586073148417755
4.896196279044043
6.994390554639717
5.698970004336019
7.471083299722345
10.065501548756432
8.100179497572904
7.9586073148417755
10.161150909262744
5.920818753952375
7.0
3.5850266520291822
5.236572006437063
8.494850021680094
8.05060999335509
7.795880017344077
4.443697499232711
7.337242168318426
6.6020599913279625
7.552841968657781
5.4089353929735005
5.3731465853332745
10.619788758288394
3.494850021680094
7.638272163982407
11.113509274827518
6.552841968657781
10.55284196865778
4.5543957967264035
4.85078088734462
7.142667503568733
5.045757490560675
3.0021769192542744
9.0
10.55284196865778
9.096910013008056
3.3872161432802645
3.2218487496163566
10.327902142064282
6.366531544420414
6.010995384301463
5.221848749616356
9.920818753952377
5.045757490560675
6.3979400086720375
8.8153085691824
6.356547323513813
8.537602002101043
7.200659450546419
4.187086643357143
3.677780705266081
5.337242168318426
6.494850021680094
2.8239087409443187
10.045757490560677
3.0457574905606752
6.221848749616356
8.173925197299173
6.301029995663981
6.657577319177793
6.346787486224656
5.443697499232713
5.113509274827519
7.9586073148417755
3.872895201635192
6.356547323513813
5.364516253185088
8.920818753952375
7.130768280269022
9.346787486224656
7.0655015487564325
6.769551078621726
5.045757490560675
7.301029995663981
3.3010299956639813
10.187086643357144
9.508638306165727
6.096910013008058
6.420216403383192
7.213958789757446
4.8827287043442364
7.142667503568733
6.315154638355588
4.30715308072277
9.602059991327963
7.698970004336019
6.772113295386326
9.397940008672037
9.82390874094432
8.698970004336019
4.0
10.958607314841776
5.366531544420414
6.309803919971486
7.481486060122112
9.0
10.619788758288394
6.769551078621726
7.091514981121351
6.346787486224656
6.107905397309519
4.657577319177793
9.69897000433602
6.906578314837764
7.519993057042849
3.5968794788241816
5.113509274827519
8.698970004336019
4.958607314841776
11.346787486224654
5.066512712151295
3.3010299956639813
8.481486060122112
3.5850266520291822
7.070581074285707
8.0
6.0
9.744727494896694
7.397940008672037
4.6345120151091015
9.460923901207224
6.142667503568733
8.397940008672037
4.7447274948966935
6.0
6.595166283380062
4.356547323513813
5.928117992693875
4.017728766960431
7.2839966563652
8.397940008672037
8.397940008672037
7.823908740944319
7.1938200260161125
5.823908740944319
6.6020599913279625
2.979224511806442
4.1938200260161125
10.69897000433602
7.443697499232713
7.468521082957745
5.221848749616356
5.522878745280337
7.464705879957229
5.920818753952375
5.3872161432802645
5.045757490560675
4.405607449624573
7.337242168318426
8.289882634888183
5.823908740944319
6.3979400086720375
4.229147988357856
8.886056647693161
6.096910013008058
7.397940008672037
8.795880017344075
5.7447274948966935
5.920818753952375
6.292429823902062
6.455931955649724
7.1938200260161125
4.229147988357856
2.9665762445130497
10.886056647693165
7.744727494896692
4.614393726401689
6.455931955649724
5.522878745280337
10.958607314841776
7.346787486224656
5.552841968657781
5.6777807052660805
9.267606240177033
6.040958607678906
9.008773924307503
7.698970004336019
7.4089353929735005
6.490797477668897
4.154901959985743
8.920818753952375
5.860120913598763
7.4089353929735005
8.55284196865778
5.9586073148417755
8.638272163982407
7.795880017344077
4.764471553092451
6.6020599913279625
7.896196279044043
5.974694134735231
9.958607314841776
5.7447274948966935
5.324221658325915
6.481486060122112
5.040958607678906
3.4672456210075024
6.146301788223826
7.744727494896692
5.823908740944319
5.97061622231479
8.221848749616356
6.091514981121351
5.8696662315049934
9.681936665037238
2.6345120151091
6.494850021680094
5.598599459218455
2.1739251972991736
4.5228787452803365
7.0
3.886056647693163
9.065501548756432
9.387216143280265
7.823908740944319
6.490797477668897
6.9586073148417755
7.585026652029183
11.58502665202918
5.468521082957745
7.853871964321763
4.38933983691012
7.568636235841013
2.4559319556497243
10.173925197299171
6.661543506395395
8.698970004336019
5.494850021680094
8.494850021680094
3.5228787452803374
7.420216403383192
7.187086643357143
9.187086643357144
3.677780705266081
6.494850021680094
10.853871964321762
10.045757490560677
4.950781977329819
8.823908740944319
7.680893940690225
6.0
9.275724130399214
4.094743951251549
3.096910013008056
3.2218487496163566
9.508638306165727
5.1487416512809245
6.055517327849832
3.9355420107730814
9.275724130399214
8.154901959985743
4.801342913045578
7.920818753952375
7.698970004336019
7.2839966563652
9.568636235841012
4.958607314841776
7.187086643357143
8.086186147616283
8.508638306165727
6.3979400086720375
8.10790539730952
3.677780705266081
8.823908740944319
5.946921556516581
7.809668301829707
6.096910013008058
3.099086932262331
7.892790030352131
8.481486060122112
7.795880017344077
8.698970004336019
9.337242168318426
3.1493537648169334
6.366531544420414
7.823908740944319
9.585026652029182
11.853871964321762
7.657577319177793
8.73754891026957
9.537602002101043
5.908684840302778
7.022276394711152
7.860120913598763
3.9586073148417746
6.420216403383192
4.0222763947111515
6.0
6.455931955649724
4.267606240177032
8.823908740944319
7.130768280269022
9.55284196865778
6.389978975335858
7.3448615651886175
8.602059991327963
4.173925197299173
4.481486060122113
6.552841968657781
8.23210238398191
4.183758700008217
10.229147988357855
8.267606240177031
10.69897000433602
9.0
4.0
6.045757490560675
5.530177984021837
9.200659450546418
5.236572006437063
3.0
6.180456064458133
3.8569851997459046
4.6020599913279625
8.0
7.698970004336019
2.958607314841774
6.455931955649724
11.301029995663981
5.086186147616283
6.021363051615525
7.769551078621726
11.055517327849829
6.7281583934635005
4.841637507904751
6.320390428220245
5.853871964321763
7.443697499232713
8.040958607678906
4.096910013008056
8.744727494896694
11.698970004336019
6.301029995663981
8.0
7.025488307262673
5.638272163982407
8.221848749616356
6.9586073148417755
4.537602002101044
4.714442690992227
8.402304814074487
6.267606240177032
6.55129368009492
6.638272163982407
4.431798275933005
9.096910013008056
8.468521082957745
3.1366771398795437
8.602059991327963
6.086186147616282
7.251811972993798
3.397940008672037
11.045757490560675
5.431798275933005
3.6989700043360174
8.221848749616356
6.823908740944319
6.920818753952375
11.221848749616356
6.585026652029183
2.886056647693163
6.062983892535187
3.5686362358410126
5.7447274948966935
4.958607314841776
3.2006594505464183
6.4089353929735005
2.552841968657781
5.142667503568732
6.1681302257195
6.013228265733755
5.0
4.4559319556497226
7.602059991327962
4.835647144215564
4.698970004336019
7.1713401034646775
7.167491087293763
10.236572006437065
4.698970004336019
9.651695136951837
6.337242168318426
5.638272163982407
4.1249387366083
4.853871964321762
8.020451625295905
8.0
11.795880017344075
3.537602002101044
7.244125144327507
6.366531544420414
3.630784142589857
4.431798275933005
7.67778070526608
5.853871964321763
7.2204035087421765
8.0
3.508638306165728
6.045757490560675
6.9586073148417755
5.823908740944319
3.4814860601221125
3.2471835688117285
6.943095148663526
8.443697499232712
9.075720713938116
3.1752235375244533
2.3467874862246556
6.991399828238082
3.2218487496163566
6.645891560852599
5.5376020021010435
6.275724130399211
6.739928612014924
8.0
8.443697499232712
6.853871964321763
5.782516055786092
7.991399828238082
5.259637310505756
6.301029995663981
6.236572006437062
5.079876673709276
7.764471553092451
4.5228787452803365
7.008773924307505
3.0315170514460648
6.327902142064282
6.460923901207224
7.638272163982407
7.1191864077192095
5.698970004336019
8.397940008672037
5.249491605148654
8.301029995663981
8.481486060122112
11.004364805402448
6.058985756294431
3.3767507096021
2.3665315444204134
5.5376020021010435
6.787812395596043
9.096910013008056
9.096910013008056
6.5376020021010435
6.522878745280337
5.3979400086720375
4.214670164989233
4.795880017344076
7.1904402853647325
6.863279432843593
7.823908740944319
2.958607314841774
4.823908740944318
9.366531544420411
5.698970004336019
4.752026733638194
4.7447274948966935
6.356547323513813
5.3979400086720375
5.318758762624412
2.6020599913279625
3.903089986991944
3.9586073148417746
7.522878745280337
2.283996656365201
5.522878745280337
10.522878745280336
7.250263684430939
4.443697499232711
4.346787486224656
3.309803919971486
4.585026652029182
7.619788758288393
6.7447274948966935
7.161150909262744
5.2518119729937975
5.85078088734462
7.350665141287857
7.795880017344077
8.55284196865778
10.200659450546418
11.259637310505754
8.0
7.212539525481585
7.657577319177793
6.698970004336019
7.4466024898761205
5.221848749616356
5.8124792791635365
5.301029995663981
6.698970004336019
5.096910013008057
4.657577319177793
7.301029995663981
5.638272163982407
7.397940008672037
3.417936637088291
8.698970004336019
8.12842706445412
10.0
8.602059991327963
4.88941028970075
9.0
5.7447274948966935
7.698970004336019
10.443697499232712
5.721246399047171
6.251811972993798
7.698970004336019
5.585026652029182
6.031517051446066
8.481486060122112
4.6777807052660805
6.795880017344077
6.585026652029183
2.8239087409443187
4.267606240177032
6.221848749616356
5.448550002027125
8.004364805402451
4.301029995663981
7.327902142064282
6.739928612014924
7.301029995663981
10.82390874094432
3.744727494896694
8.494850021680094
6.4089353929735005
2.920818753952376
2.2596373105057563
6.39577394691553
7.823908740944319
8.886056647693161
6.585026652029183
6.3979400086720375
7.251811972993798
7.886056647693162
9.69897000433602
7.723538195826756
2.756465898167938
8.397940008672037
7.167491087293763
6.0268721464003026
7.045757490560675
6.045757490560675
5.7447274948966935
4.5228787452803365
4.8181564120552265
5.135488918941609
5.045757490560675
5.508638306165726
7.638272163982407
5.7569619513137065
5.901390880699707
5.00436480540245
7.346787486224656
7.0
8.42021640338319
6.167491087293763
7.251811972993798
7.251424383069008
8.275724130399214
8.292429823902062
5.663540266151471
8.795880017344075
6.337242168318426
6.6020599913279625
6.619788758288393
9.040958607678906
11.920818753952375
5.346787486224656
5.6020599913279625
3.2441251443275085
8.113509274827518
4.688246138944246
7.420216403383192
6.073143291050307
5.9586073148417755
8.744727494896694
8.698970004336019
3.6126101736612712
5.2839966563652006
7.064492734175287
6.920818753952375
5.987162775294827
8.267606240177031
6.920818753952375
7.73754891026957
6.481486060122112
6.522878745280337
4.045757490560675
8.346787486224656
7.0268721464003026
7.096910013008058
6.317854923626168
9.387216143280265
8.275724130399214
7.85078088734462
4.3872161432802645
6.494850021680094
6.3979400086720375
3.7958800173440754
7.431798275933005
3.677780705266081
4.318758762624412
7.180456064458133
7.0655015487564325
7.705533773838407
5.050609993355088
9.481486060122114
3.5675117442294937
8.0
2.769551078621726
8.769551078621726
6.0
6.187086643357143
6.54515513999149
4.681936665037238
4.1797985405143585
8.638272163982407
6.995678626217357
10.795880017344077
5.021819483062586
5.259637310505756
5.585026652029182
6.886056647693162
3.3010299956639813
7.080921907623925
5.096910013008057
6.167491087293763
7.360513510731415
5.229147988357856
7.1487416512809245
8.356547323513812
5.214670164989234
10.154901959985743
7.301029995663981
6.173925197299173
9.721246399047173
2.2441251443275085
3.742321425130817
8.045757490560675
5.236572006437063
8.0
4.872895201635194
7.045757490560675
8.698970004336019
2.638272163982407
2.3372421683184257
3.886056647693163
8.913640169325252
6.764471553092451
6.638272163982407
8.154901959985743
3.9586073148417746
6.1191864077192095
5.698970004336019
7.657577319177793
6.823908740944319
4.920818753952375
7.251811972993798
3.7958800173440754
7.0
8.221848749616356
5.221848749616356
8.958607314841776
6.4659738939438665
7.3187587626244115
9.920818753952377
4.361510743045363
7.5100415205751645
6.886056647693162
10.707743928643524
3.337242168318426
7.1249387366083
6.735182176990462
8.721246399047171
7.045757490560675
7.258848401148215
7.275724130399211
4.910094888560601
3.4814860601221125
8.568636235841014
8.096910013008056
6.431798275933005
3.690369832574101
9.045757490560677
7.130768280269022
5.9586073148417755
8.096910013008056
4.684029654543083
3.0
3.3767507096021
6.154901959985742
8.431798275933005
7.366531544420414
6.347753658996678
3.87942606879415
5.1191864077192095
3.42021640338319
5.568636235841013
8.4089353929735
6.0
5.698970004336019
6.173925197299173
7.552841968657781
7.886056647693162
3.638272163982407
9.4089353929735
8.829738284605043
7.568636235841013
5.903089986991942
3.7166987712964494
6.769551078621726
6.345823458122039
8.070581074285707
6.245651664288981
8.0
8.045757490560675
4.920818753952375
7.493494967595128
8.823908740944319
3.9788107009300617
8.958607314841776
7.279840696594043
4.721246399047171
11.198596289982646
9.795880017344077
6.327902142064282
6.804100347590767
4.2441251443275085
8.568636235841014
7.721246399047171
6.939302159646387
8.494850021680094
9.173925197299171
7.200659450546419
7.292429823902062
8.721246399047171
6.2076083105017466
6.1249387366083
7.744727494896692
6.5376020021010435
6.229147988357856
5.657577319177793
6.585026652029183
2.0
4.585026652029182
5.096910013008057
7.619788758288393
7.301029995663981
5.2839966563652006
7.67778070526608
5.481486060122113
3.886056647693163
7.229147988357855
8.075720713938116
2.920818753952376
3.823908740944319
5.9586073148417755
6.308609039611957
7.481486060122112
6.721246399047171
11.455931955649724
7.767003889607848
6.455931955649724
4.585026652029182
6.091514981121351
8.692503962086787
3.5228787452803374
8.301029995663981
7.610833915635467
4.0
6.657577319177793
9.779891911959943
5.0362121726544435
4.747146969020106
5.6020599913279625
8.638272163982407
9.214670164989233
4.6020599913279625
6.974694134735231
2.3010299956639813
6.0
9.82390874094432
8.236572006437061
7.154901959985742
7.995678626217357
9.397940008672037
6.452225294612178
5.698970004336019
5.5100415205751645
5.364516253185088
4.6020599913279625
9.468521082957745
5.6777807052660805
6.301029995663981
6.0
2.6989700043360187
8.2518119729938
5.3979400086720375
6.2931116050183835
4.221848749616356
5.045757490560675
11.229147988357857
7.522878745280337
2.886056647693163
4.978810700930062
9.69897000433602
4.431798275933005
7.892790030352131
6.337242168318426
3.5686362358410126
4.150580586203101
7.107905397309519
4.2321023839819105
4.275724130399212
3.795880017344075
4.1249387366083
5.455931955649724
8.397940008672037
6.154901959985742
8.397940008672037
4.071604147743286
8.508638306165727
8.619788758288394
5.853871964321763
6.170696227168975
7.443697499232713
8.698970004336019
9.55284196865778
6.6777807052660805
7.3269790928711025
3.6989700043360174
6.823908740944319
9.070581074285707
7.045757490560675
11.154901959985745
8.657577319177793
5.707743928643524
10.585026652029182
4.787812395596042
7.568636235841013
9.148741651280924
7.2839966563652
4.167491087293763
7.102372908709557
7.844663962534938
3.42021640338319
10.568636235841012
5.920818753952375
7.628932137728263
6.6252516539898965
5.619788758288393
5.102372908709559
5.798602875679547
5.309803919971486
6.732828271596986
8.397940008672037
5.221848749616356
4.494850021680094
8.005243055412372
6.096910013008058
7.5654310959658
6.552841968657781
4.431798275933005
6.091514981121351
4.301029995663981
6.091514981121351
4.130768280269024
7.036212172654443
6.7447274948966935
7.9586073148417755
6.522878745280337
11.568636235841012
9.30102999566398
6.6777807052660805
3.6020599913279625
7.910094888560603
7.0
7.744727494896692
5.345823458122039
7.066006836168758
4.698970004336019
6.0
9.638272163982409
4.853871964321762
6.2076083105017466
4.974694134735231
4.045275209020937
7.0
6.920818753952375
5.886056647693162
7.187086643357143
5.7447274948966935
4.6108339156354665
8.0
7.67778070526608
4.886056647693163
8.397940008672037
9.080921907623924
8.920818753952375
6.3979400086720375
7.301029995663981
5.619788758288393
7.602059991327962
7.920818753952375
6.769551078621726
5.2076083105017466
5.00436480540245
7.823908740944319
9.69897000433602
8.55284196865778
3.5528419686577815
7.602059991327962
3.292429823902064
5.481486060122113
9.008773924307503
7.8696662315049934
7.267606240177032
6.337242168318426
6.698970004336019
8.568636235841014
4.823908740944318
4.619788758288394
4.853871964321762
5.841637507904752
5.1249387366083
8.698970004336019
5.1674910872937625
8.0
6.823908740944319
8.920818753952375
8.920818753952375
11.744727494896695
6.489454989793388
5.0
3.2596373105057563
6.657577319177793
4.920818753952375
5.490797477668897
4.6020599913279625
5.236572006437063
4.251811972993798
5.075720713938118
6.716698771296451
6.657577319177793
6.8696662315049934
8.221848749616356
5.200659450546418
8.455931955649724
5.318758762624412
6.2076083105017466
6.718966632752272
5.481486060122113
4.88941028970075
6.443697499232713
6.231361898752388
7.301029995663981
6.721246399047171
4.0
7.420216403383192
7.777283528852418
5.698970004336019
8.698970004336019
7.00436480540245
7.091514981121351
4.096910013008056
7.562249437179612
4.94692155651658
8.221848749616356
7.812479279163536
4.847711655616943
9.130768280269024
8.872895201635194
5.494850021680094
10.366531544420411
8.481486060122112
7.366531544420414
9.221848749616356
7.744727494896692
7.167491087293763
4.8181564120552265
6.9586073148417755
3.860120913598764
5.5502131530142265
5.327902142064284
4.769551078621727
7.455931955649724
4.795880017344076
11.522878745280336
8.236572006437061
5.580044251510242
7.552841968657781
7.193141970481182
8.920818753952375
9.958607314841776
4.025304128090316
4.671620396561262
8.193820026016112
8.130768280269024
6.585026652029183
8.154901959985743
7.568636235841013
2.6777807052660805
3.6020599913279625
7.173925197299173
4.853871964321762
7.823908740944319
11.397940008672034
7.275724130399211
5.669586226650809
6.508638306165728
6.801342913045577
3.1904402853647325
7.136677139879544
8.443697499232712
10.0
6.421360790031928
3.712198270069774
7.155460697870993
4.657577319177793
5.0936649581949105
6.221848749616356
7.214670164989233
9.096910013008056
6.823908740944319
9.568636235841012
4.494850021680094
5.224025668870631
4.318758762624412
7.853871964321763
5.214670164989234
6.1249387366083
8.958607314841776
7.9586073148417755
5.3979400086720375
7.823908740944319
8.596879478824183
6.045757490560675
8.301029995663981
6.070581074285707
9.638272163982409
5.9215431819467055
6.200659450546419
7.492144128304169
3.585026652029182
6.721246399047171
6.431798275933005
7.568636235841013
5.482804102050028
4.060480747381382
4.113509274827518
8.096910013008056
6.7447274948966935
5.896196279044043
5.3979400086720375
8.318758762624412
5.221848749616356
3.9586073148417746
7.522878745280337
5.823908740944319
4.657577319177793
5.920818753952375
4.853871964321762
3.7958800173440754
5.872895201635193
3.2218487496163566
4.026872146400302
7.437707135543525
4.394694953858891
5.040958607678906
5.568636235841013
5.026872146400302
5.1487416512809245
6.096910013008058
7.173925197299173
4.199282921717615
2.4814860601221125
4.064442354906986
6.616184634019568
5.6777807052660805
3.6020599913279625
2.2218487496163557
5.969238409048983
8.045757490560675
4.221848749616356
4.511449283499557
3.870310107800699
3.1272611725273314
5.7447274948966935
8.698970004336019
6.2441251443275085
6.346787486224656
4.790484985457369
4.238072161579471
6.721246399047171
6.259637310505756
6.537602002101044
4.3767507096020974
7.718966632752272
5.732828271596986
7.9586073148417755
8.769551078621726
5.853871964321763
6.458420756053419
6.853871964321763
5.761953896871206
7.096910013008058
6.568636235841013
9.638272163982409
4.031517051446064
2.6458915608525992
5.617982957425132
6.688246138944246
11.698970004336019
6.1938200260161125
6.920818753952375
3.3010299956639813
8.0
4.482804102050027
8.769551078621726
2.1938200260161134
5.537602002101044
8.207608310501746
6.272458742971443
5.785447544765755
5.853871964321763
7.366531544420414
7.744727494896692
7.853871964321763
5.522878745280337
7.443697499232713
3.229147988357856
10.346787486224656
3.154901959985743
9.283996656365199
6.568636235841013
8.55284196865778
4.430626090384954
6.017728766960431
8.327902142064282
5.043351420794797
7.769551078621726
6.698970004336019
5.508638306165726
5.3419886033428865
6.301029995663981
4.318758762624412
10.30102999566398
6.468521082957745
6.443697499232713
5.136677139879544
8.319664486585436
3.657577319177794
8.136677139879543
8.236572006437061
5.2076083105017466
3.0433514207947967
4.431798275933005
7.286509456906058
8.698970004336019
4.200659450546418
7.1487416512809245
9.18045606445813
6.431798275933005
6.769551078621726
5.9586073148417755
6.306273051076353
5.221848749616356
8.301029995663981
2.2104192878355744
7.1938200260161125
6.443697499232713
6.2076083105017466
6.863279432843593
7.619788758288393
4.366531544420414
7.2839966563652
5.045757490560675
6.154901959985742
3.0222763947111524
8.154901959985743
4.3872161432802645
7.142667503568733
8.795880017344075
4.6020599913279625
8.045757490560675
9.69897000433602
7.397940008672037
8.397940008672037
6.619788758288393
4.619788758288394
8.522878745280337
7.9586073148417755
4.136677139879544
4.508638306165727
8.366531544420411
8.301029995663981
8.698970004336019
6.37851213541937
7.0655015487564325
4.3979400086720375
2.5228787452803374
6.030584087646019
4.823908740944318
7.397940008672037
11.67778070526608
9.114073660198567
6.455931955649724
4.207608310501746
5.129011186239425
4.114073660198569
5.031517051446065
8.267606240177031
4.5228787452803365
4.221848749616356
7.941194513324093
6.698970004336019
8.769551078621726
6.9804683154687455
7.397940008672037
3.853871964321762
4.212539525481585
2.1870866433571443
3.508638306165728
5.935542010773082
2.1674910872937643
4.4424927980943405
6.096910013008058
4.261219441515631
6.522878745280337
5.200659450546418
5.769551078621726
7.031517051446066
7.698970004336019
6.95233580539844
6.568636235841013
5.113509274827519
3.657577319177794
8.522878745280337
3.866461091629783
7.431798275933005
6.619788758288393
6.924453038607469
8.585026652029184
7.552841968657781
6.4034029043735385
5.017728766960432
3.5850266520291822
4.619788758288394
4.943095148663527
6.9586073148417755
9.292429823902065
6.568636235841013
3.2218487496163566
7.102372908709557
6.2839966563652006
5.3872161432802645
4.734003629504921
7.3767507096020974
5.221848749616356
7.1191864077192095
7.568636235841013
7.017728766960431
5.187086643357143
6.0
4.057495893831919
6.9586073148417755
6.581698708680254
8.096910013008056
4.88941028970075
5.886056647693162
10.777283528852415
6.221848749616356
5.853871964321763
4.638272163982408
6.522878745280337
7.920818753952375
4.399027104313252
7.3767507096020974
9.756961951313707
8.1249387366083
8.318758762624412
7.987162775294827
4.324221658325915
6.872895201635193
4.4089353929735005
8.698970004336019
7.698970004336019
7.769551078621726
8.698970004336019
8.337242168318426
3.886056647693163
8.698970004336019
7.698970004336019
6.906578314837764
5.096910013008057
6.309803919971486
5.769551078621726
4.0
7.244125144327507
3.0
5.0
7.200659450546419
7.585026652029183
5.585026652029182
10.568636235841012
8.657577319177793
4.2839966563652006
6.853871964321763
3.3010299956639813
8.193820026016112
5.337242168318426
4.154901959985743
6.201349354554732
6.2839966563652006
5.935542010773082
11.42021640338319
6.309803919971486
8.346787486224656
7.638272163982407
5.173925197299173
5.3979400086720375
6.619788758288393
3.3279021420642825
4.1938200260161125
6.0655015487564325
6.978810700930063
8.221848749616356
8.744727494896694
8.045757490560675
3.3279021420642825
8.113509274827518
7.522878745280337
4.657577319177793
8.698970004336019
5.166215625343521
5.7447274948966935
5.638272163982407
10.356547323513812
9.065501548756432
7.275724130399211
3.4294570601181027
5.1191864077192095
8.481486060122112
4.5228787452803365
5.180456064458132
7.186419011431807
7.4089353929735005
6.29073003902417
7.301029995663981
6.104577453960593
6.3979400086720375
8.3767507096021
6.154901959985742
8.193820026016112
7.397940008672037
7.638272163982407
6.580044251510242
7.515700160653214
10.397940008672037
7.602059991327962
7.221848749616356
10.853871964321762
2.7399286120149253
4.4685210829577455
9.221848749616356
7.0
8.397940008672037
4.346787486224656
9.045757490560677
7.798602875679547
5.665546248849069
2.3010299956639813
6.468521082957745
7.337242168318426
9.920818753952377
6.621602099051862
8.744727494896694
9.821023052706831
6.7569619513137065
4.6307841425898575
6.886056647693162
6.3979400086720375
4.214670164989233
8.200659450546418
7.458420756053419
4.070581074285707
5.060480747381382
8.356547323513812
3.9318141382538383
7.657577319177793
4.785156151952302
8.05060999335509
11.721246399047173
5.769551078621726
4.420216403383192
3.1007268126823964
3.899629454882437
7.638272163982407
7.698970004336019
7.200659450546419
6.568636235841013
7.0
9.0
8.638272163982407
7.221848749616356
2.920818753952376
3.6946486305533766
5.6020599913279625
4.588380294036769
4.823908740944318
7.0655015487564325
5.455931955649724
7.259637310505756
7.040958607678906
7.366531544420414
3.721246399047172
6.2898826348881824
7.9586073148417755
5.301029995663981
5.906578314837764
7.795880017344077
9.154901959985743
7.769551078621726
7.259637310505756
7.2839966563652
8.537602002101043
5.935542010773082
3.0409586076789066
7.522878745280337
5.549750891680639
10.251811972993801
7.795880017344077
7.481486060122112
4.549750891680639
8.324221658325914
6.84466396253494
7.024568191490737
7.698970004336019
7.130768280269022
5.585026652029182
8.522878745280337
6.795880017344077
6.337242168318426
8.045757490560675
9.397940008672037
6.0
8.103473782510445
6.4089353929735005
4.730487055782084
8.008773924307505
5.279014255846262
7.221848749616356
8.096910013008056
4.698970004336019
6.420216403383192
6.886056647693162
3.9208187539523753
8.522878745280337
3.6757175447023074
4.721246399047171
7.221848749616356
8.769551078621726
5.619788758288393
3.5968794788241816
6.6401645176601125
6.698970004336019
5.3979400086720375
3.668370282370069
7.823908740944319
7.1649438982798825
9.0268721464003
5.698970004336019
8.301029995663981
6.508638306165728
8.397940008672037
5.1487416512809245
7.236572006437062
4.5228787452803365
10.096910013008056
8.0
7.1180450286604
8.698970004336019
5.180456064458132
6.698970004336019
9.886056647693165
10.920818753952377
5.204119982655924
11.0
6.405607449624572
6.769551078621726
3.462180904926726
4.154901959985743
6.886056647693162
5.5376020021010435
9.221848749616356
5.7447274948966935
6.221848749616356
6.366531544420414
9.69897000433602
9.585026652029182
7.522878745280337
6.175874166083451
2.2218487496163557
3.0
5.585026652029182
4.301029995663981
5.860120913598763
7.221848749616356
4.503070351926785
5.1249387366083
9.443697499232712
6.356547323513813
3.4436974992327127
7.730487055782085
4.425968732272281
6.585026652029183
7.055517327849832
4.63320361671327
5.853871964321763
6.628932137728263
6.97061622231479
7.154901959985742
4.200659450546418
5.252588192113577
6.5376020021010435
7.823908740944319
4.0
5.5376020021010435
8.481486060122112
5.0
6.481486060122112
11.236572006437065
5.154901959985743
5.301029995663981
9.0
6.443697499232713
5.075720713938118
5.698970004336019
8.638272163982407
7.522878745280337
6.173925197299173
8.397940008672037
9.42021640338319
3.5228787452803374
6.455931955649724
4.6020599913279625
6.542118103266008
8.301029995663981
3.9665762445130497
7.886056647693162
4.823908740944318
4.958607314841776
5.214670164989234
9.769551078621726
3.397940008672037
6.698970004336019
5.392544976785332
6.5376020021010435
4.494850021680094
4.167491087293763
5.732828271596986
5.1938200260161125
5.238824186844268
7.301029995663981
4.288192770958808
7.920818753952375
2.8477116556169437
5.337242168318426
5.045757490560675
7.823908740944319
7.420216403383192
8.397940008672037
6.6946486305533774
8.0
4.886056647693163
4.0
7.102372908709557
6.665546248849069
6.552841968657781
6.1191864077192095
6.6777807052660805
4.0
6.698970004336019
8.221848749616356
5.494850021680094
6.732828271596986
7.403402904373538
5.591760034688151
6.496209316942817
3.7471469690201062
6.366531544420414
5.00436480540245
4.886056647693163
5.221848749616356
2.2676062401770314
6.9586073148417755
7.2839966563652
3.5228787452803374
7.142667503568733
5.489454989793388
3.2676062401770314
6.356547323513813
7.337242168318426
3.657577319177794
6.552841968657781
7.853871964321763
8.167491087293763
7.309803919971486
8.045757490560675
6.7447274948966935
6.164436248330902
6.096910013008058
6.4034029043735385
9.638272163982409
4.4559319556497226
6.468521082957745
7.4089353929735005
8.337242168318426
3.0803989762158888
4.243363891754152
4.619788758288394
5.9829666607012175
5.6252516539898965
4.0
7.9586073148417755
9.267606240177033
2.530177984021837
4.46344155742847
3.4814860601221125
5.494850021680094
5.876148359032914
7.154901959985742
3.0087739243075053
8.221848749616356
2.4814860601221125
3.3187587626244133
7.0655015487564325
8.698970004336019
7.995678626217357
8.3767507096021
4.721017883134556
8.522878745280337
11.050609993355089
4.88941028970075
5.585026652029182
6.6777807052660805
6.022276394711152
5.3979400086720375
8.387216143280265
6.732828271596986
3.42021640338319
8.55284196865778
6.284832642151543
8.013228265733755
6.250263684430939
7.779891911959945
6.161150909262744
7.853871964321763
7.698970004336019
6.346787486224656
7.431798275933005
7.853871964321763
3.4989407377822483
10.30102999566398
8.031517051446064
7.397940008672037
4.236572006437063
3.860120913598764
8.065501548756432
4.24184537803261
3.083019952679618
3.6989700043360174
4.935542010773082
7.221848749616356
6.2839966563652006
7.522878745280337
6.179142010560301
7.920818753952375
2.1249387366083
8.0
3.3010299956639813
9.397940008672037
6.767003889607848
6.0655015487564325
2.95663772197887
4.787812395596042
7.494850021680094
5.6777807052660805
7.309803919971486
5.920818753952375
11.568636235841012
5.579219380451435
6.173925197299173
8.698970004336019
8.698970004336019
6.4089353929735005
4.823908740944318
3.721246399047172
5.081445469449727
4.212539525481585
4.578396073130169
7.431798275933005
7.721246399047171
9.795880017344077
6.455931955649724
4.958607314841776
10.721246399047173
4.835647144215564
4.126098402135538
2.571865205971211
5.2441251443275085
7.397940008672037
3.2456516642889817
7.522878745280337
6.031517051446066
8.769551078621726
6.3187587626244115
5.920818753952375
6.3767507096020974
6.6020599913279625
4.607303046740334
10.0
6.886056647693162
7.346787486224656
8.221848749616356
7.595166283380062
6.6345120151091015
5.948847477552619
5.070581074285707
7.508638306165728
7.031517051446066
5.5376020021010435
5.752026733638194
7.920818753952375
2.2984320149440727
7.777283528852418
4.708631149548418
4.568636235841012
5.46344155742847
5.013228265733755
2.2218487496163557
8.627087997029893
4.537602002101044
5.0
8.337242168318426
5.823908740944319
2.886056647693163
9.522878745280336
5.309803919971486
7.946921556516581
4.431798275933005
3.979638717352292
5.3767507096020974
4.991399828238082
7.0762380391713
6.619788758288393
5.886056647693162
11.0
8.698970004336019
6.411168274405793
5.3979400086720375
5.221848749616356
8.4089353929735
7.200659450546419
7.096910013008058
6.823908740944319
5.1938200260161125
3.835647144215563
4.0
3.657577319177794
6.928117992693875
4.5228787452803365
9.397940008672037
6.522878745280337
6.7447274948966935
2.494850021680094
2.7212463990471707
6.275724130399211
8.920818753952375
9.522878745280336
7.853871964321763
8.0
6.494850021680094
6.522878745280337
4.301029995663981
5.096910013008057
7.4534573365218675
4.420216403383192
6.7121982700697735
10.318758762624412
7.616184634019568
7.886056647693162
5.436518914605589
5.657577319177793
9.119186407719207
6.4089353929735005
6.309803919971486
4.943095148663527
9.080921907623924
9.69897000433602
5.468521082957745
9.309803919971486
3.815308569182401
7.752026733638194
6.6252516539898965
3.605548319173784
6.638272163982407
6.274905478918531
7.221848749616356
5.920818753952375
7.920818753952375
4.236572006437063
7.0
3.0433514207947967
6.6020599913279625
10.721246399047173
6.3655227298392685
3.5686362358410126
6.040958607678906
8.431798275933005
3.7344746647809264
4.585026652029182
5.045757490560675
7.102372908709557
4.045757490560675
5.847711655616942
7.1191864077192095
7.698970004336019
4.2564902352715706
5.769551078621726
9.045757490560677
3.508638306165728
7.744727494896692
5.761702932124607
4.221848749616356
4.431798275933005
3.8787685448503786
7.67778070526608
5.9586073148417755
8.853871964321762
6.008773924307505
7.420216403383192
2.212539525481585
4.147520006363143
6.140261433802853
4.200659450546418
5.455931955649724
2.920818753952376
2.7958800173440754
9.259637310505756
6.055517327849832
3.3448615651886184
7.173925197299173
7.379863945026242
4.809668301829708
2.3098039199714857
2.0
8.920818753952375
8.096910013008056
8.602059991327963
8.698970004336019
4.301029995663981
4.24795155218056
7.744727494896692
5.920818753952375
6.0655015487564325
2.735182176990464
5.420216403383192
4.154901959985743
3.6020599913279625
3.3010299956639813
7.795880017344077
6.853871964321763
3.647817481888637
8.244125144327509
2.892790030352132
3.605548319173784
7.602059991327962
6.1904402853647325
4.187086643357143
7.096910013008058
8.154901959985743
6.309803919971486
6.698970004336019
5.853871964321763
5.7447274948966935
8.522878745280337
3.9281179926938745
6.823908740944319
7.494850021680094
8.187086643357143
3.065501548756432
6.9586073148417755
8.366531544420411
7.627087997029894
7.154901959985742
6.924453038607469
4.920818753952375
7.154901959985742
5.698970004336019
4.5228787452803365
5.698970004336019
3.8696662315049934
2.7212463990471707
9.397940008672037
7.1487416512809245
4.795880017344076
7.136677139879544
6.522878745280337
6.522878745280337
5.991399828238082
5.853871964321763
6.522878745280337
3.283996656365201
7.920818753952375
10.0
2.2596373105057563
9.318758762624412
8.3767507096021
6.377785977033705
3.7569619513137056
5.2533658010624205
2.8074604226852813
8.494850021680094
8.301029995663981
4.935542010773082
7.309803919971486
7.995678626217357
4.906578314837764
5.886056647693162
6.154901959985742
7.769551078621726
4.167491087293763
4.423658649794207
7.055517327849832
7.847711655616942
3.0409586076789066
5.995678626217357
4.136677139879544
4.617982957425132
6.585026652029183
8.522878745280337
9.5016894462104
4.3397038397292675
6.1938200260161125
9.4089353929735
6.853871964321763
6.9586073148417755
4.0
8.086186147616283
6.5951662833800615
5.2441251443275085
3.0
4.0
2.4814860601221125
7.9586073148417755
8.267606240177031
8.431798275933005
4.543633966870957
6.995678626217357
7.22548303427145
6.481486060122112
2.3467874862246556
4.958607314841776
6.2839966563652006
4.6020599913279625
8.4089353929735
7.075720713938117
5.060480747381382
8.301029995663981
3.721246399047172
6.621602099051862
5.214670164989234
7.420216403383192
9.468521082957745
8.638272163982407
6.337242168318426
4.943095148663527
7.058985756294431
5.327902142064284
8.228412519118745
3.2518119729938
7.337242168318426
9.22767829327708
6.301029995663981
8.318758762624412
9.045757490560677
8.42021640338319
9.431798275933003
4.096910013008056
6.657577319177793
8.721246399047171
7.657577319177793
5.853871964321763
4.3979400086720375
7.721246399047171
7.67778070526608
5.481486060122113
2.382999658879101
7.721246399047171
4.3767507096020974
4.1938200260161125
4.259637310505756
6.698970004336019
6.823908740944319
11.301029995663981
4.931814138253839
9.154901959985743
6.568636235841013
5.0
2.6020599913279625
4.835647144215564
6.721246399047171
4.958607314841776
8.698970004336019
3.154901959985743
7.0268721464003026
8.045757490560675
2.769551078621726
8.698970004336019
4.609064892896622
6.6777807052660805
5.0
7.570247719997593
8.187086643357143
4.154901959985743
3.795880017344075
9.69897000433602
10.42021640338319
7.703334809738469
6.292429823902062
6.838631997765025
6.995678626217357
5.621602099051862
10.619788758288394
7.920818753952375
2.88706002391592
6.025028005701933
7.619788758288393
3.772113295386327
5.619788758288393
3.0268721464003017
6.6861327796308485
5.259637310505756
6.987162775294827
4.8827287043442364
6.552841968657781
6.080921907623925
7.638272163982407
5.966576244513051
7.657577319177793
8.886056647693161
3.8446639625349377
2.920818753952376
4.853871964321762
2.3187587626244133
6.103473782510445
7.045757490560675
6.123782159408357
4.3979400086720375
7.468521082957745
8.161150909262744
8.920818753952375
7.732828271596986
3.3467874862246565
4.585026652029182
5.735182176990462
4.920818753952375
4.0222763947111515
3.101823516502324
8.0
8.853871964321762
4.958607314841776
6.055517327849832
2.920818753952376
7.2839966563652
5.823908740944319
6.721017883134558
6.292429823902062
7.455931955649724
7.605548319173784
7.522878745280337
2.638272163982407
4.327902142064284
7.769551078621726
4.5528419686577815
3.4451475656279453
7.0
4.605548319173784
5.5376020021010435
6.091514981121351
6.455931955649724
2.958607314841774
11.050609993355089
5.619788758288393
6.619788758288393
6.568636235841013
7.348721986001856
7.853871964321763
5.22548303427145
7.387216143280264
6.6020599913279625
6.698970004336019
5.84466396253494
8.522878745280337
11.221848749616356
3.6882461389442462
6.638272163982407
4.537602002101044
7.614393726401688
4.795880017344076
6.823908740944319
6.346787486224656
3.9871627752948284
6.853871964321763
4.040958607678906
7.939302159646387
2.7986028756795487
6.522878745280337
6.497572880015568
8.489454989793387
4.301029995663981
7.0655015487564325
5.468521082957745
7.275724130399211
4.534617148551583
5.585026652029182
6.481486060122112
4.1249387366083
5.698970004336019
7.431798275933005
7.494850021680094
8.301029995663981
8.254925208417943
4.508638306165727
4.88941028970075
6.7447274948966935
5.3979400086720375
4.136677139879544
5.3979400086720375
7.7011469235902945
7.096910013008058
6.0
7.67778070526608
9.045757490560677
6.638272163982407
8.742321425130816
4.494850021680094
6.013228265733755
7.091514981121351
5.221848749616356
7.366531544420414
4.161780778092374
8.522878745280337
5.51427857351842
7.823908740944319
9.744727494896694
4.309803919971486
6.903089986991942
3.1804560644581312
8.958607314841776
5.769551078621726
4.292429823902062
4.698970004336019
6.468521082957745
6.619788758288393
6.00436480540245
6.337242168318426
6.045757490560675
3.2441251443275085
3.903089986991944
8.698970004336019
6.747146969020108
6.795880017344077
6.275724130399211
6.6020599913279625
6.481486060122112
5.402304814074488
3.6933605589757375
6.180456064458133
6.698970004336019
6.6003262785189625
9.071604147743287
4.0362121726544435
4.337242168318426
8.576754126063191
7.512861624522812
7.823908740944319
7.207608310501746
5.886056647693162
8.568636235841014
3.3467874862246565
4.494850021680094
4.508638306165727
4.537602002101044
4.619788758288394
6.886056647693162
8.0
5.853871964321763
5.657577319177793
7.397940008672037
7.602059991327962
6.698970004336019
6.823908740944319
8.602059991327963
4.489454989793388
5.00436480540245
6.709965388637482
4.151195298948196
6.0655015487564325
7.031517051446066
6.522878745280337
5.070581074285707
2.154901959985743
8.698970004336019
5.13578566953867
4.1938200260161125
5.337242168318426
7.1249387366083
8.698970004336019
6.045757490560675
7.698970004336019
5.7447274948966935
8.899629454882437
2.154901959985743
7.341988603342887
5.6777807052660805
4.853871964321762
8.136677139879543
10.744727494896694
5.823908740944319
5.6777807052660805
8.698970004336019
8.522878745280337
5.4089353929735005
7.853871964321763
6.698970004336019
9.585026652029182
6.356547323513813
5.675717544702308
7.642065152999545
8.958607314841776
7.698970004336019
7.104025267640934
7.9586073148417755
5.853871964321763
5.920818753952375
5.221848749616356
4.6020599913279625
9.30102999566398
7.568636235841013
2.23284413391782
7.1191864077192095
3.3885953622884064
7.484126156288321
5.4762535331884346
6.5376020021010435
3.2218487496163566
8.05060999335509
7.5290018303391255
7.7569619513137065
9.489454989793387
5.942333896090172
11.096910013008056
6.581698708680254
3.638272163982407
3.0735546521816106
8.096910013008056
6.161150909262744
4.939302159646386
3.283996656365201
10.18045606445813
7.397940008672037
6.823908740944319
8.585026652029184
7.698970004336019
3.886056647693163
5.876148359032914
6.568636235841013
6.3269790928711025
4.498666821354433
6.102372908709557
3.4814860601221125
8.602059991327963
4.698970004336019
7.455931955649724
5.2518119729937975
7.397940008672037
8.154901959985743
4.657577319177793
9.795880017344077
6.3979400086720375
6.221848749616356
5.58838029403677
8.207608310501746
5.043831569524637
7.920818753952375
7.602059991327962
6.698970004336019
7.552841968657781
4.346787486224656
8.2518119729938
3.492144128304169
6.0
3.3010299956639813
4.6777807052660805
4.698970004336019
7.341035157335565
8.537602002101043
7.0
4.4559319556497226
3.4814860601221125
7.795880017344077
7.769551078621726
5.292429823902063
3.995678626217357
7.0851281824599495
8.0
9.309803919971486
9.086186147616283
7.698970004336019
4.795880017344076
1.9956786262173567
6.107905397309519
2.6989700043360187
7.455931955649724
7.0
8.568636235841014
6.5376020021010435
6.6020599913279625
8.367542707815275
4.82102305270683
4.6777807052660805
8.180456064458129
5.3979400086720375
3.721246399047172
5.318758762624412
5.0
8.180456064458129
8.337242168318426
7.522878745280337
4.1938200260161125
4.403402904373539
9.09151498112135
5.619788758288393
7.607303046740334
8.55284196865778
6.585026652029183
7.38933983691012
8.795880017344075
9.853871964321762
5.221848749616356
8.397940008672037
6.039529222465701
10.853871964321762
5.657577319177793
7.275724130399211
8.638272163982407
7.236572006437062
8.443697499232712
5.0809219076239245
5.769551078621726
5.107905397309518
7.522878745280337
3.723538195826756
7.144480844332199
4.5228787452803365
7.236572006437062
6.632644078973981
7.73754891026957
8.602059991327963
7.721246399047171
3.903089986991944
4.795880017344076
7.045757490560675
6.0
3.1191864077192086
6.585026652029183
6.3979400086720375
5.657577319177793
3.1426675035687315
6.096910013008058
5.267606240177033
6.508638306165728
6.7447274948966935
7.3767507096020974
6.136677139879544
5.627087997029894
2.892790030352132
2.229147988357856
6.045757490560675
6.522878745280337
6.896196279044043
4.221848749616356
7.522878745280337
2.0
4.0
4.4762535331884346
6.096910013008058
6.1938200260161125
4.6777807052660805
2.096910013008056
8.721246399047171
8.022276394711152
5.404503778174425
9.761953896871203
9.397940008672037
7.698970004336019
5.795880017344077
4.221848749616356
7.568636235841013
5.443697499232713
8.651305809734456
8.356547323513812
3.3467874862246565
5.0
8.638272163982407
9.187086643357144
4.9200955323332805
7.9586073148417755
7.769551078621726
9.508638306165727
5.966576244513051
5.0362121726544435
7.823908740944319
9.920818753952377
5.137868620686962
6.455931955649724
6.259637310505756
9.045757490560677
6.6777807052660805
5.568636235841013
6.886056647693162
9.080921907623924
4.537602002101044
2.958607314841774
3.769551078621726
7.892790030352131
7.356547323513813
9.494850021680094
5.886056647693162
7.215382707367125
5.431798275933005
7.091514981121351
5.4089353929735005
8.136677139879543
7.657577319177793
5.301029995663981
2.903089986991944
6.7447274948966935
3.2254830342714507
6.950781977329817
7.187086643357143
8.886056647693161
5.7281583934635005
8.462180904926727
9.211831628858832
5.903089986991942
7.366531544420414
3.823908740944319
4.089375595110798
7.1938200260161125
6.091514981121351
6.5376020021010435
8.167491087293763
4.481486060122113
3.638272163982407
5.886056647693162
8.0
7.508638306165728
8.698970004336019
2.6777807052660805
4.009705553871561
9.0
8.0
11.537602002101044
5.617982957425132
4.6777807052660805
3.863279432843593
5.318758762624412
6.537602002101044
5.443697499232713
8.698970004336019
8.522878745280337
4.769551078621727
9.267606240177033
4.2441251443275085
7.744727494896692
7.636388020107857
5.752026733638194
2.4559319556497243
7.00436480540245
6.721246399047171
6.552841968657781
6.552841968657781
6.0762380391713
7.3767507096020974
6.0
2.98296666070122
4.6020599913279625
4.00436480540245
3.309803919971486
4.157390760389438
7.920818753952375
6.3767507096020974
7.1191864077192095
5.769551078621726
8.958607314841776
7.612610173661269
6.835647144215562
6.619788758288393
6.920818753952375
10.0
6.2564902352715706
9.853871964321762
7.0
7.244125144327507
3.374687549038326
9.18045606445813
7.698970004336019
7.619788758288393
6.401209493236885
6.563837352959244
8.853871964321762
8.568636235841014
7.356547323513813
3.8696662315049934
8.154901959985743
3.397940008672037
7.853871964321763
8.657577319177793
6.221848749616356
5.468521082957745
8.958607314841776
5.698970004336019
7.346787486224656
2.638272163982407
5.301029995663981
7.568636235841013
4.326979092871103
8.494850021680094
5.6777807052660805
4.026872146400302
6.966576244513051
8.086186147616283
8.301029995663981
5.6020599913279625
10.795880017344077
10.522878745280336
7.292429823902062
6.070581074285707
3.657577319177794
4.537602002101044
9.221848749616356
7.0
9.958607314841776
4.920818753952375
5.4089353929735005
3.3178549236261676
8.0
10.443697499232712
6.3979400086720375
3.1272611725273314
6.05700040663396
6.275724130399211
4.847711655616943
6.35261702988538
2.980302269019808
4.494850021680094
7.962573502059376
6.096910013008058
5.522878745280337
9.292429823902065
6.6020599913279625
8.638272163982407
3.096910013008056
2.7212463990471707
5.380906669373257
6.045757490560675
5.3979400086720375
5.508638306165726
4.481486060122113
6.920818753952375
8.096910013008056
6.214670164989233
4.72584215073632
7.823908740944319
4.698970004336019
7.366531544420414
4.066512712151295
3.408935392973502
5.920818753952375
3.8113527040002837
4.481486060122113
7.795880017344077
10.387216143280265
3.795880017344075
8.602059991327963
5.154901959985743
4.026872146400302
7.301029995663981
5.823908740944319
7.178486471595228
8.481486060122112
8.958607314841776
5.566390156676282
6.698970004336019
6.903089986991942
5.6020599913279625
6.769551078621726
6.139661993429006
6.8696662315049934
10.522878745280336
6.603800652904264
6.0
4.934420285271552
9.69897000433602
7.0655015487564325
5.795880017344077
5.853871964321763
6.698970004336019
5.301029995663981
6.853871964321763
2.494850021680094
7.200659450546419
9.0
5.040958607678906
4.0655015487564325
5.721246399047171
3.229147988357856
6.468521082957745
4.1249387366083
7.795880017344077
5.522878745280337
6.446116973356125
7.886056647693162
6.301029995663981
4.991399828238082
5.6307841425898575
7.460923901207224
8.795880017344075
7.045757490560675
4.657577319177793
4.7121982700697735
4.261060968796522
7.920818753952375
6.351639989019067
5.292429823902063
6.853871964321763
9.267606240177033
5.542118103266008
7.769551078621726
4.4089353929735005
4.6777807052660805
7.327902142064282
4.795880017344076
5.2839966563652006
4.200659450546418
4.431798275933005
7.552841968657781
6.638272163982407
5.301029995663981
8.943095148663527
9.216096420727263
8.744727494896694
2.744727494896694
7.275724130399211
5.920818753952375
7.154901959985742
7.732828271596986
8.193820026016112
4.2839966563652006
6.841637507904752
4.229147988357856
4.259637310505756
8.136677139879543
9.522878745280336
11.065501548756432
7.638272163982407
3.812479279163537
6.0
8.337242168318426
7.723538195826756
4.823908740944318
7.744727494896692
4.638272163982408
5.9586073148417755
9.920818753952377
6.301029995663981
8.431798275933005
7.698970004336019
4.958607314841776
10.522878745280336
5.337242168318426
6.251811972993798
8.0
2.9318141382538383
3.0409586076789066
4.5528419686577815
5.292429823902063
9.086186147616283
5.275724130399211
8.244125144327509
7.67778070526608
6.3187587626244115
7.113509274827518
10.721246399047173
4.581698708680253
6.6020599913279625
5.1674910872937625
8.017728766960431
6.0
3.7772835288524167
5.026872146400302
8.522878745280337
6.7256112044496215
5.3767507096020974
5.853871964321763
6.585026652029183
3.4814860601221125
6.080921907623925
7.844663962534938
4.667561540084395
7.359518563029578
5.221848749616356
8.045757490560675
5.657577319177793
4.5528419686577815
2.8616973018337184
6.559090917934783
9.221848749616356
6.698970004336019
9.709965388637482
6.910094888560603
4.224025668870631
5.431798275933005
6.522878745280337
5.1106982974936885
5.552841968657781
3.772113295386327
9.154901959985743
5.1535391748706685
6.522878745280337
2.1938200260161134
9.886056647693165
3.903089986991944
6.267606240177032
5.468521082957745
2.42021640338319
5.200659450546418
5.823908740944319
7.229147988357855
5.70377371273884
2.769551078621726
5.0
5.9586073148417755
4.207608310501746
6.309803919971486
3.397940008672037
7.221848749616356
6.853871964321763
5.187086643357143
6.6777807052660805
5.070581074285707
6.494850021680094
4.6516951369518384
7.55129368009492
10.455931955649724
5.236572006437063
5.356547323513811
2.2218487496163557
5.552841968657781
5.709965388637482
7.853871964321763
5.3979400086720375
6.096910013008058
6.866461091629782
5.060480747381382
5.154901959985743
2.920818753952376
8.086186147616283
4.318758762624412
8.0
7.443697499232713
9.494850021680094
4.707743928643524
8.67778070526608
4.698970004336019
6.275724130399211
8.698970004336019
5.703334809738469
8.443697499232712
7.3767507096020974
7.767003889607848
8.0
5.494850021680094
5.180456064458132
8.0
6.136677139879544
6.585026652029183
6.432738307646126
8.698970004336019
5.7447274948966935
6.0
3.718966632752272
6.468521082957745
9.045757490560677
4.4698003017969175
7.585026652029183
6.3979400086720375
6.924453038607469
5.494850021680094
8.522878745280337
6.603800652904264
8.301029995663981
6.045757490560675
7.954677021213343
3.0
3.638272163982407
3.3872161432802645
2.9665762445130497
10.69897000433602
7.795880017344077
7.236572006437062
8.221848749616356
8.096910013008056
5.243363891754152
4.346787486224656
5.896196279044043
10.508638306165727
9.67778070526608
4.154901959985743
4.292429823902062
6.619788758288393
6.917214629683549
7.443697499232713
6.542118103266008
6.080921907623925
4.086186147616283
3.6716203965612624
8.397940008672037
3.6003262785189616
6.769551078621726
7.595166283380062
3.0
8.698970004336019
10.638272163982409
7.110698297493689
7.080921907623925
3.3010299956639813
8.823908740944319
3.6212388246836262
4.429457060118104
5.785156151952302
4.565431095965802
4.104025267640935
7.0
3.166852888087215
5.055517327849831
6.018634490921456
6.075720713938117
5.240483240537811
4.823908740944318
5.657577319177793
4.154901959985743
7.130768280269022
4.853871964321762
6.508638306165728
4.962573502059376
8.301029995663981
6.863279432843593
6.187086643357143
5.886056647693162
4.886056647693163
7.1301817920206725
4.2839966563652006
4.481486060122113
9.537602002101043
7.67778070526608
3.744727494896694
3.7569619513137056
2.619788758288394
7.920818753952375
3.0222763947111524
4.795880017344076
6.0
4.301029995663981
4.301029995663981
3.3279021420642825
6.559090917934783
8.221848749616356
6.154901959985742
5.7594507517174005
2.7471469690201067
7.431798275933005
3.9586073148417746
3.33161408331
4.6777807052660805
6.721246399047171
6.060480747381384
7.619788758288393
7.853871964321763
5.920818753952375
2.638272163982407
8.366531544420411
6.903089986991942
5.9586073148417755
5.4659738939438665
3.0
9.008773924307503
8.958607314841776
7.400116927926312
7.214670164989233
7.744727494896692
4.698970004336019
4.344477403746582
6.508638306165728
4.619788758288394
4.872895201635194
6.291579099865287
6.5406075122407685
4.6020599913279625
5.670602120638957
5.020907099361674
4.110138278741812
7.642065152999545
3.7281583934635014
4.869666231504994
2.939302159646388
5.485452247339714
7.149966742310232
2.5228787452803374
8.698970004336019
5.721246399047171
3.154901959985743
4.107905397309517
3.8416375079047502
4.195179321278838
5.309803919971486
11.568636235841012
10.554395796726402
6.187086643357143
8.443697499232712
6.982132281036495
7.397940008672037
2.8129024994165226
4.073657553374345
3.9788107009300617
8.154901959985743
10.602059991327963
6.368556230986828
4.777283528852417
2.8239087409443187
7.657577319177793
7.67778070526608
3.9457700901366017
4.3979400086720375
10.494850021680094
6.7121982700697735
6.349692476868062
8.853871964321762
9.096910013008056
4.6020599913279625
9.744727494896694
4.698970004336019
7.154901959985742
7.5376020021010435
9.0
3.9546770212133424
7.229147988357855
5.6777807052660805
6.812479279163537
7.619788758288393
4.853871964321762
7.075720713938117
7.619788758288393
5.886056647693162
3.712198270069774
4.575118363368934
8.698970004336019
6.714442690992228
9.100179497572904
7.585026652029183
6.823908740944319
7.721246399047171
6.0762380391713
9.318758762624412
7.645891560852599
3.3655227298392685
6.698970004336019
6.568636235841013
5.443697499232713
7.522878745280337
2.585026652029182
4.5528419686577815
5.236572006437063
6.721246399047171
7.3187587626244115
5.8297382846050425
7.221848749616356
4.434152181326484
4.431798275933005
6.468521082957745
9.30102999566398
3.4934949675951277
4.399027104313252
4.229147988357856
9.443697499232712
3.10790539730952
7.301029995663981
6.764471553092451
4.853871964321762
8.872895201635194
10.962573502059376
5.823908740944319
7.357535479757877
3.3279021420642825
8.136677139879543
4.823908740944318
3.677780705266081
7.443697499232713
8.614393726401687
9.8153085691824
2.8013429130455774
5.698970004336019
7.449038247701822
8.431798275933005
6.804100347590767
9.838631997765026
11.522878745280336
6.221848749616356
3.5228787452803374
7.638272163982407
9.040958607678906
5.6736641390712474
5.818156412055227
5.9586073148417755
6.638272163982407
9.0
2.6736641390712483
7.086186147616282
8.045757490560675
5.481486060122113
8.522878745280337
4.1487416512809245
4.4089353929735005
7.040958607678906
9.221848749616356
6.6020599913279625
4.886056647693163
5.337242168318426
7.853871964321763
9.10790539730952
4.8827287043442364
10.060480747381384
8.045757490560675
6.853871964321763
3.853871964321762
5.0809219076239245
6.292429823902062
5.221848749616356
7.455931955649724
7.675717544702308
9.82390874094432
11.346787486224654
4.769551078621727
7.769551078621726
4.508638306165727
7.795880017344077
4.1191864077192095
9.130768280269024
4.7447274948966935
4.2898826348881824
9.0301183562535
6.301029995663981
4.159266765388193
5.447210149807218
6.079354998593212
4.9593976598859255
4.221848749616356
6.886056647693162
2.552841968657781
2.886056647693163
6.3979400086720375
8.346787486224656
6.494850021680094
4.9829666607012175
4.94692155651658
3.4559319556497243
7.031517051446066
6.657577319177793
3.494850021680094
7.2839966563652
9.950781977329818
10.30102999566398
6.8827287043442364
8.397940008672037
2.30189945437661
8.3767507096021
6.568636235841013
6.247183568811728
5.6401645176601125
4.420216403383192
3.3736596326249577
10.0
3.5917600346881504
6.8696662315049934
8.221848749616356
5.022276394711152
6.3979400086720375
6.66354026615147
3.4814860601221125
9.130768280269024
7.769551078621726
5.420216403383192
7.173277479831008
8.920818753952375
3.7011469235902927
8.619788758288394
6.679853713888947
11.283996656365199
3.3665315444204134
9.221848749616356
8.769551078621726
4.769551078621727
6.204119982655923
3.9318141382538383
9.221848749616356
6.0268721464003026
6.096910013008058
9.096910013008056
5.346787486224656
6.0268721464003026
9.638272163982409
5.468521082957745
7.844663962534938
6.443697499232713
8.086186147616283
9.4089353929735
6.468521082957745
5.443697499232713
5.795880017344077
7.221848749616356
8.397940008672037
5.096910013008057
5.2839966563652006
10.346787486224656
4.847711655616943
7.698970004336019
7.522878745280337
8.154901959985743
4.4685210829577455
6.685290307044827
4.272458742971444
3.903089986991944
7.638272163982407
8.397940008672037
6.9586073148417755
3.6020599913279625
5.481486060122113
3.4736607226101563
6.769551078621726
4.46344155742847
3.853871964321762
9.568636235841012
8.397940008672037
6.356547323513813
3.1249387366082995
9.154901959985743
7.721246399047171
7.6003262785189625
11.301029995663981
3.3010299956639813
8.096910013008056
6.301029995663981
4.155522824254319
5.3872161432802645
5.920818753952375
5.0
7.823908740944319
6.838631997765025
7.555955204081924
4.966576244513051
10.585026652029182
6.060480747381384
8.096910013008056
9.283996656365199
9.744727494896694
3.337242168318426
5.154901959985743
7.552841968657781
7.060480747381384
4.886056647693163
5.24184537803261
7.019088062223156
5.6777807052660805
9.221848749616356
6.0
5.920818753952375
6.7447274948966935
10.30102999566398
3.9065783148377653
6.366531544420414
4.142667503568732
5.1487416512809245
5.2839966563652006
4.4089353929735005
7.886056647693162
4.431798275933005
7.522878745280337
4.649751981665837
4.97061622231479
2.3098039199714857
4.657577319177793
7.455931955649724
6.782516055786092
8.2518119729938
6.314258261397736
3.617982957425132
8.142667503568731
6.823908740944319
3.7569619513137056
10.096910013008056
5.113509274827519
3.167491087293764
5.0
5.619788758288393
7.259637310505756
4.853871964321762
6.4089353929735005
6.872895201635193
3.939302159646388
6.671620396561263
5.26440110030182
5.113509274827519
9.00436480540245
5.271646217978772
8.200659450546418
8.045757490560675
9.568636235841012
7.1249387366083
6.537602002101044
5.501689446210398
7.1249387366083
7.657577319177793
5.866461091629782
8.987162775294829
4.0
9.283996656365199
4.434152181326484
7.9586073148417755
4.0
8.698970004336019
10.481486060122114
9.0
4.823908740944318
6.327902142064282
4.309803919971486
8.903089986991944
6.790484985457369
6.075720713938117
4.6020599913279625
6.681936665037237
8.698970004336019
3.1904402853647325
4.769551078621727
8.397940008672037
3.3767507096021
9.337242168318426
3.9871627752948284
4.113509274827518
7.301029995663981
9.187086643357144
7.259637310505756
5.823908740944319
4.85078088734462
6.0
6.681936665037237
5.646660904688695
8.05060999335509
8.221848749616356
10.67778070526608
7.5376020021010435
6.508638306165728
7.744727494896692
7.954677021213343
7.5376020021010435
6.0
4.096910013008056
6.4089353929735005
4.114638779968488
6.1073489661227
2.160521952625801
9.080921907623924
8.619788758288394
8.318758762624412
5.154901959985743
6.221848749616356
7.9586073148417755
4.958607314841776
5.481486060122113
10.214670164989233
7.2839966563652
7.67778070526608
9.0
10.00436480540245
6.657577319177793
6.496481687275924
7.744727494896692
9.30102999566398
10.316952961761153
7.705533773838407
4.795880017344076
11.397940008672034
6.552841968657781
5.555955204081924
7.602059991327962
8.154901959985743
6.721246399047171
5.522878745280337
4.0835460514500745
9.154901959985743
3.903089986991944
8.3767507096021
5.096910013008057
7.619788758288393
6.3979400086720375
4.2839966563652006
9.070581074285707
7.455931955649724
4.535212480354064
7.1938200260161125
8.075720713938116
9.036212172654443
9.69897000433602
2.5228787452803374
6.698970004336019
11.301029995663981
4.571865205971212
6.823908740944319
7.259637310505756
9.221848749616356
6.508638306165728
5.657577319177793
6.8827287043442364
6.657577319177793
10.0
6.872895201635193
5.5376020021010435
5.318758762624412
6.892790030352131
2.305394801066431
7.102098125731772
6.113509274827519
10.207608310501746
8.769551078621726
7.835647144215562
8.1249387366083
8.193820026016112
5.0
7.3716110699496875
9.522878745280336
8.193820026016112
7.638272163982407
5.309803919971486
2.6020599913279625
3.903089986991944
4.055517327849832
3.397940008672037
10.0
5.3979400086720375
5.698970004336019
8.522878745280337
8.397940008672037
9.397940008672037
10.896196279044045
3.6020599913279625
9.397940008672037
7.4089353929735005
7.397940008672037
8.853871964321762
3.154901959985743
5.3979400086720375
8.806875401645538
6.823908740944319
2.468521082957745
6.060480747381384
8.522878745280337
7.045275209020938
5.221848749616356
6.230622673923862
8.0
7.468521082957745
5.823908740944319
4.619788758288394
4.698970004336019
5.638272163982407
9.0
3.397940008672037
4.537602002101044
3.6556077263148894
6.552841968657781
6.823908740944319
5.815308569182402
6.107905397309519
9.142667503568733
5.161150909262744
11.522878745280336
8.886056647693161
7.3232149695807935
4.758702612890007
7.100179497572904
5.3979400086720375
9.221848749616356
6.221848749616356
6.9586073148417755
4.698970004336019
7.405607449624572
7.238899461041857
6.886056647693162
7.67778070526608
6.3979400086720375
7.886056647693162
8.657577319177793
8.397940008672037
6.886056647693162
7.769551078621726
8.55284196865778
7.744727494896692
7.54515513999149
6.823908740944319
5.9586073148417755
8.045757490560675
7.361510743045362
3.2168113089247425
5.823908740944319
5.153662887870196
7.568636235841013
7.67778070526608
4.886056647693163
2.4436974992327127
6.6777807052660805
7.244125144327507
7.627087997029894
7.346787486224656
7.301029995663981
4.252588192113577
5.920818753952375
4.647817481888637
8.221848749616356
7.795880017344077
7.987162775294827
4.769551078621727
7.552841968657781
8.958607314841776
4.481486060122113
4.346787486224656
8.886056647693161
6.721246399047171
7.886056647693162
4.619788758288394
6.568636235841013
10.200659450546418
7.522878745280337
7.139661993429006
7.309803919971486
9.096910013008056
5.229147988357856
7.769551078621726
8.886056647693161
4.420216403383192
5.522878745280337
6.468521082957745
8.318758762624412
6.522878745280337
5.698970004336019
3.9208187539523753
6.431798275933005
3.4559319556497243
9.522878745280336
7.795880017344077
3.3187587626244133
7.6736641390712474
8.698970004336019
3.123782159408358
9.721246399047173
7.853871964321763
5.46344155742847
7.022276394711152
8.259637310505756
6.161150909262744
5.721246399047171
7.853871964321763
6.6020599913279625
5.175223537524454
7.769551078621726
4.396855627379819
7.769551078621726
7.086186147616282
7.167491087293763
7.752026733638194
7.180456064458133
4.102372908709558
6.301029995663981
5.6777807052660805
3.6989700043360174
6.769551078621726
7.777283528852418
6.522878745280337
4.698970004336019
5.091514981121351
3.397940008672037
7.769551078621726
6.892790030352131
6.342944147142896
4.154901959985743
6.154901959985742
4.735182176990463
5.5376020021010435
11.259637310505754
4.6020599913279625
5.3979400086720375
5.853871964321763
8.508638306165727
3.853871964321762
7.096910013008058
8.301029995663981
6.096910013008058
3.4710832997223453
5.823908740944319
9.42021640338319
5.301029995663981
4.515700160653214
5.468521082957745
3.5528419686577815
6.886056647693162
8.327902142064282
9.1249387366083
8.832682665251824
7.698970004336019
4.431798275933005
5.9586073148417755
6.113509274827519
7.0
9.522878745280336
8.723538195826755
4.694648630553377
3.0457574905606752
8.221848749616356
9.283996656365199
11.337242168318427
2.9978339382434918
5.1938200260161125
5.886056647693162
4.096910013008056
4.481486060122113
3.6020599913279625
8.657577319177793
3.468521082957745
3.3665315444204134
7.602059991327962
8.275724130399214
5.3872161432802645
7.397940008672037
5.055517327849831
5.721246399047171
3.096910013008056
7.167491087293763
4.478861916295964
5.920818753952375
9.397940008672037
5.795880017344077
4.107905397309517
6.443697499232713
5.585026652029182
5.508638306165726
11.200659450546418
6.698970004336019
9.086186147616283
7.823908740944319
4.292429823902062
5.886056647693162
7.356547323513813
5.443697499232713
8.154901959985743
4.721246399047171
7.508638306165728
8.4089353929735
7.214670164989233
5.3979400086720375
5.698970004336019
5.721246399047171
5.552841968657781
7.022276394711152
4.7447274948966935
7.275724130399211
6.823908740944319
2.3872161432802645
7.494850021680094
8.602059991327963
3.946921556516581
8.698970004336019
5.068033885271827
5.218244625347531
8.698970004336019
9.30102999566398
3.723538195826756
7.0
7.455931955649724
2.4672456210075024
3.5528419686577815
7.698970004336019
8.823908740944319
8.397940008672037
7.443697499232713
4.279014255846262
6.267606240177032
8.823908740944319
7.387216143280264
7.3187587626244115
8.568636235841014
5.2441251443275085
7.221848749616356
8.795880017344075
8.045757490560675
10.522878745280336
8.721246399047171
8.3767507096021
4.197226274708024
2.9318141382538383
8.698970004336019
5.292429823902063
7.071604147743286
4.6020599913279625
8.721246399047171
6.6020599913279625
7.236572006437062
5.920818753952375
7.853871964321763
8.431798275933005
9.096910013008056
6.173925197299173
7.207608310501746
4.1191864077192095
4.707743928643524
6.6020599913279625
7.657577319177793
5.769551078621726
6.327902142064282
7.795880017344077
2.958607314841774
6.698970004336019
7.9586073148417755
4.251811972993798
5.698970004336019
3.571865205971211
4.853871964321762
6.6020599913279625
7.142667503568733
4.671620396561262
3.823908740944319
6.142667503568733
8.0268721464003
2.657577319177794
4.590066876668706
8.853871964321762
5.346787486224656
4.764471553092451
8.154901959985743
6.301029995663981
10.657577319177793
8.522878745280337
6.886056647693162
8.301029995663981
3.3695721249749764
8.886056647693161
8.09151498112135
5.698970004336019
8.769551078621726
7.657577319177793
7.2839966563652
4.6777807052660805
7.920818753952375
7.698970004336019
5.420216403383192
11.522878745280336
6.346787486224656
7.602059991327962
5.3767507096020974
4.872895201635194
9.318758762624412
5.187086643357143
9.958607314841776
6.301029995663981
5.1191864077192095
6.431798275933005
5.740645072691966
7.638272163982407
6.2839966563652006
10.18045606445813
5.568636235841013
3.6675615400843946
7.356547323513813
8.590066876668706
4.1487416512809245
7.455931955649724
6.698970004336019
6.096910013008058
8.301029995663981
7.853871964321763
5.267606240177033
3.0
4.301029995663981
4.537602002101044
8.421360790031928
8.267606240177031
3.6989700043360174
2.3872161432802645
9.522878745280336
6.619788758288393
7.051098239029787
4.508638306165727
7.3187587626244115
5.552841968657781
7.102372908709557
9.09151498112135
8.886056647693161
6.335358024443876
5.013228265733755
7.154901959985742
8.0
4.962573502059376
3.3010299956639813
5.7447274948966935
5.221848749616356
4.769551078621727
5.3979400086720375
6.221848749616356
9.522878745280336
7.585026652029183
3.785156151952302
4.494850021680094
11.67778070526608
5.3979400086720375
4.853871964321762
7.301029995663981
5.698970004336019
7.3767507096020974
5.301029995663981
6.5406075122407685
10.013228265733757
2.0
6.568636235841013
8.10790539730952
11.301029995663981
3.3115801779972887
5.130768280269023
4.920818753952375
4.557520230935552
9.69897000433602
8.638272163982407
5.3872161432802645
7.832682665251823
6.036212172654443
6.823908740944319
3.903089986991944
3.0123337350737254
4.6777807052660805
9.769551078621726
4.2441251443275085
9.221848749616356
4.297569463554475
8.200659450546418
5.630598586303376
2.744727494896694
7.886056647693162
8.136677139879543
7.853871964321763
5.7447274948966935
5.795880017344077
8.494850021680094
6.7447274948966935
4.5228787452803365
9.075720713938116
8.087777943467584
4.619788758288394
3.2441251443275085
8.148741651280925
6.585026652029183
8.823908740944319
3.1706962271689747
9.154901959985743
5.4089353929735005
8.97469413473523
4.657577319177793
5.468521082957745
5.494850021680094
6.366531544420414
9.30102999566398
7.823908740944319
3.0268721464003017
7.657577319177793
6.346787486224656
6.3187587626244115
6.494850021680094
6.747146969020108
6.886056647693162
5.522878745280337
4.7447274948966935
3.207608310501746
7.853871964321763
8.187086643357143
9.148741651280924
6.669586226650809
6.450996737974213
4.769551078621727
4.492144128304169
2.778585762157661
8.0
4.6307841425898575
7.1938200260161125
5.95663772197887
5.772113295386326
8.173925197299173
5.236572006437063
7.585026652029183
5.920818753952375
7.2580609222708015
8.638272163982407
7.236572006437062
7.481486060122112
7.7552282385047056
5.030584087646019
4.769551078621727
4.167491087293763
9.236572006437065
8.698970004336019
2.0
5.793174123968152
7.407823242604133
6.2076083105017466
3.769551078621726
4.1249387366083
9.0
10.096910013008056
3.0315170514460648
7.619788758288393
6.522878745280337
3.677780705266081
5.863279432843593
2.7396900542050804
2.9244530386074694
8.537602002101043
5.3979400086720375
7.853871964321763
8.0
8.113509274827518
9.096910013008056
7.045757490560675
2.7644715530924517
4.721246399047171
5.120617362825659
6.107905397309519
10.69897000433602
7.638272163982407
8.698970004336019
9.853871964321762
7.130768280269022
7.9193735130781935
7.552841968657781
9.397940008672037
6.329754146925876
3.7099653886374817
6.853871964321763
4.080921907623926
3.903089986991944
3.962573502059376
7.259637310505756
2.694648630553376
8.468521082957745
5.795880017344077
6.698970004336019
4.207608310501746
8.522878745280337
6.795880017344077
4.130768280269024
3.2218487496163566
5.412289034981089
5.667561540084393
8.886056647693161
5.6777807052660805
7.552841968657781
5.494850021680094
3.823908740944319
7.959793372425289
6.453457336521868
5.280668713016273
6.0
2.958607314841774
6.5376020021010435
2.508638306165728
7.657577319177793
6.301029995663981
4.412289034981089
8.301029995663981
7.619788758288393
5.5058454059815585
8.10790539730952
6.301029995663981
3.42021640338319
10.481486060122114
4.769551078621727
4.318758762624412
6.769551078621726
6.698970004336019
7.4089353929735005
6.045757490560675
7.0
7.237246435066626
4.823908740944318
3.4317982759330046
5.180456064458132
9.221848749616356
7.221848749616356
5.443697499232713
6.200659450546419
10.82390874094432
5.032920265855503
6.522878745280337
10.366531544420411
6.522878745280337
9.0
8.769551078621726
6.954677021213343
6.647817481888637
8.309803919971486
8.0
6.732828271596986
4.853871964321762
3.886056647693163
7.0506099933550885
7.886056647693162
2.886056647693163
6.7447274948966935
4.013228265733755
6.0
3.332547047110046
6.657577319177793
6.853871964321763
8.690369832574097
3.508638306165728
5.920818753952375
7.130768280269022
5.0
4.318758762624412
8.481486060122112
5.522878745280337
4.2839966563652006
8.69680394257951
3.5686362358410126
6.9586073148417755
5.351639989019069
2.1611509092627452
4.678194516142461
8.619788758288394
6.527243550682787
8.346787486224656
3.882728704344237
8.356547323513812
5.337242168318426
2.920818753952376
7.214670164989233
6.259637310505756
4.1487416512809245
9.148741651280924
6.769551078621726
6.413412695328245
5.7447274948966935
8.096910013008056
4.673664139071248
6.031517051446066
7.522878745280337
3.42021640338319
9.82390874094432
5.301029995663981
3.0043648054024503
10.347753658996677
8.619788758288394
6.0
3.050609993355087
9.036212172654443
7.0
5.221848749616356
8.346787486224656
7.387216143280264
4.832682665251824
9.55284196865778
3.5528419686577815
8.619788758288394
5.552841968657781
3.3872161432802645
2.408935392973501
8.522878745280337
4.5528419686577815
5.910094888560603
10.69897000433602
5.468521082957745
3.397940008672037
3.283996656365201
4.356547323513813
5.7594507517174005
7.619788758288393
5.0
7.9136401693252525
7.552841968657781
7.060480747381384
4.6020599913279625
6.823908740944319
4.366531544420414
7.267606240177032
7.721246399047171
5.853871964321763
7.0
6.481486060122112
8.397940008672037
6.552841968657781
3.5528419686577815
7.221848749616356
4.086186147616283
5.638272163982407
7.481486060122112
5.346787486224656
8.886056647693161
6.920818753952375
10.82390874094432
5.769551078621726
6.199970640755867
7.9586073148417755
5.853871964321763
3.5544580656320797
10.568636235841012
9.045757490560677
9.045757490560677
7.823908740944319
5.443697499232713
5.568636235841013
8.698970004336019
3.6989700043360174
7.580044251510242
4.4089353929735005
5.991399828238082
6.627087997029894
8.0
4.591760034688152
7.928117992693875
6.1249387366083
5.698970004336019
5.886056647693162
6.815308569182402
5.920818753952375
7.602059991327962
8.0
4.823908740944318
9.0
7.853871964321763
8.958607314841776
4.823908740944318
4.221848749616356
6.920818753952375
7.501689446210397
2.4436974992327127
6.356547323513813
5.309803919971486
6.536107011014093
2.504455662453552
6.1938200260161125
10.236572006437065
8.958607314841776
5.5376020021010435
6.2076083105017466
7.387216143280264
5.892790030352131
8.148741651280925
6.173925197299173
5.214670164989234
5.795880017344077
7.0
4.405607449624573
4.853871964321762
4.443697499232711
7.698970004336019
6.195179321278838
5.070581074285707
8.05551732784983
7.9586073148417755
3.0
3.364516253185088
6.853871964321763
4.853871964321762
6.638272163982407
4.096910013008056
5.657577319177793
8.301029995663981
6.435333935747911
5.785156151952302
10.0
6.301029995663981
5.795880017344077
4.619788758288394
3.5228787452803374
4.113509274827518
4.823908740944318